26 0.625521 0.828704 0.0166667 0.0296296
26 0.386719 0.800463 0.0203125 0.0601852
25 0.927865 0.539352 0.0307292 0.0731481
26 0.897656 0.483796 0.0286458 0.0805556
24 0.277865 0.4375 0.0182292 0.0583333
67 0.315104 0.415741 0.0135417 0.0314815
26 0.710677 0.349537 0.0255208 0.0638889
26 0.535417 0.211111 0.0239583 0.0944444
24 0.659375 0.316204 0.025 0.0564815
26 0.958333 0.538889 0.0291667 0.0703704
0 0.757552 0.412963 0.0213542 0.0851852
26 0.611979 0.650926 0.0229167 0.116667
24 0.959375 0.553704 0.0322917 0.0814815
0 0.995052 0.694444 0.00989583 0.062963
26 0.594531 0.663426 0.0203125 0.0898148
26 0.814583 0.456019 0.0260417 0.126852
26 0.346615 0.859722 0.0307292 0.117593
26 0.0567708 0.622685 0.0197917 0.0657407
28 0.107552 0.537037 0.0213542 0.0481481
26 0.346615 0.816667 0.0223958 0.0444444
24 0.0643229 0.450463 0.0265625 0.0787037
0 0.466927 0.638426 0.0265625 0.087963
0 0.366927 0.828704 0.0244792 0.0888889
24 0.684375 0.805093 0.0270833 0.0638889
24 0.24401 0.581019 0.0244792 0.062037
26 0.491406 0.677778 0.0328125 0.109259
24 0.0916667 0.639815 0.0333333 0.103704
26 0.510156 0.717593 0.0307292 0.0592593
0 0.507292 0.88287 0.025 0.0787037
26 0.515365 0.640278 0.0296875 0.102778
26 0.301823 0.460185 0.0359375 0.135185
26 0.690365 0.671296 0.0171875 0.0222222
24 0.947135 0.367593 0.0192708 0.0388889
26 0.249219 0.598611 0.0130208 0.0324074
26 0.541927 0.641204 0.0203125 0.0416667
24 0.833333 0.260185 0.03125 0.12037
26 0.488802 0.164815 0.0286458 0.111111
0 0.509375 0.735648 0.0322917 0.0916667
26 0.45651 0.798611 0.0328125 0.0564815
26 0.946615 0.598611 0.0234375 0.0842593
26 0.679427 0.323611 0.0192708 0.0694444
26 0.565104 0.912037 0.0229167 0.0574074
0 0.897917 0.489352 0.0291667 0.100926
26 0.833854 0.262037 0.0322917 0.135185
26 0.504687 0.875926 0.025 0.0851852
56 0.0638021 0.0300926 0.0921875 0.0601852
0 0.422135 0.673611 0.0286458 0.075
1 0.951563 0.377315 0.028125 0.062037
0 0.120573 0.0277778 0.0265625 0.0518519
1 0.963542 0.939352 0.0708333 0.10463
26 0.315365 0.418519 0.0151042 0.0351852
24 0.681771 0.3125 0.0229167 0.0546296
0 0.456771 0.699074 0.0385417 0.12037
26 0.55625 0.796296 0.021875 0.0814815
26 0.986198 0.616667 0.0171875 0.0611111
26 0.83099 0.0305556 0.0223958 0.0462963
26 0.691927 0.360648 0.0255208 0.0787037
0 0.513802 0.643981 0.0276042 0.136111
0 0.555729 0.798148 0.0229167 0.0888889
26 0.0463542 0.59537 0.0395833 0.144444
0 0.955469 0.572685 0.0411458 0.137963
26 0.232292 0.610185 0.0375 0.118519
26 0.759375 0.421759 0.0177083 0.0805556
26 0.573438 0.956019 0.0229167 0.0842593
26 0.838542 0.422222 0.0239583 0.0462963
26 0.559635 0.615278 0.0213542 0.0953704
26 0.765104 0.469444 0.028125 0.12963
0 0.48125 0.76713 0.028125 0.106481
1 0.961719 0.389815 0.0588542 0.135185
26 0.925521 0.137037 0.025 0.0981481
26 0.37474 0.489352 0.0244792 0.115741
26 0.993229 0.572685 0.0135417 0.0861111
24 0.951302 0.40463 0.0255208 0.111111
0 0.493229 0.268519 0.034375 0.135185
0 0.780729 0.441204 0.0260417 0.130556
26 0.665885 0.334259 0.0255208 0.0814815
0 0.921875 0.136574 0.0239583 0.108333
26 0.94349 0.136111 0.0223958 0.0944444
0 0.991927 0.575926 0.0161458 0.0944444
0 0.918229 0.686574 0.0260417 0.125
26 0.846875 0.0296296 0.0229167 0.0481481
26 0.87474 0.493519 0.0296875 0.125926
0 0.536458 0.200463 0.025 0.0916667
26 0.713021 0.398148 0.0260417 0.103704
0 0.507812 0.832407 0.034375 0.103704
24 0.366927 0.48287 0.0348958 0.130556
0 0.941927 0.138426 0.0286458 0.100926
24 0.666667 0.805556 0.0177083 0.0555556
24 0.578906 0.85 0.0307292 0.0981481
24 0.857552 0.413426 0.0223958 0.113889
0 0.542969 0.825 0.0265625 0.127778
26 0.858073 0.417593 0.0213542 0.111111
26 0.945312 0.405093 0.0229167 0.102778
26 0.558073 0.25 0.0390625 0.1
0 0.557292 0.247222 0.0375 0.111111
26 0.588542 0.355556 0.0197917 0.112963
26 0.921615 0.661574 0.0192708 0.0638889
24 0.638021 0.312963 0.0239583 0.062963
26 0.0695312 0.611111 0.0171875 0.0611111
0 0.528646 0.675463 0.0291667 0.123148
0 0.66901 0.359259 0.0296875 0.140741
26 0.983854 0.283796 0.03125 0.100926
26 0.688542 0.82963 0.0239583 0.101852
0 0.490885 0.674537 0.0348958 0.119444
0 0.572656 0.037037 0.0223958 0.0740741
26 0.78151 0.441667 0.0213542 0.0907407
0 0.925521 0.559722 0.028125 0.110185
26 0.383594 0.864352 0.0213542 0.0824074
26 0.44974 0.849074 0.0348958 0.107407
0 0.989583 0.654167 0.0208333 0.121296
24 0.452865 0.850463 0.0338542 0.0972222
26 0.992188 0.665741 0.015625 0.0925926
13 0.964323 0.944444 0.0703125 0.105556
26 0.726042 0.955093 0.0135417 0.0490741
26 0.483333 0.236574 0.01875 0.0564815
26 0.529688 0.678704 0.0229167 0.109259
0 0.539844 0.0388889 0.0276042 0.0777778
26 0.497396 0.242593 0.0229167 0.062963
26 0.578906 0.871296 0.0296875 0.111111
26 0.697656 0.710648 0.0442708 0.087963
0 0.488281 0.169444 0.0296875 0.118519
0 0.838021 0.0657407 0.0395833 0.127778
26 0.835417 0.490278 0.028125 0.121296
26 0.519271 0.410185 0.028125 0.0888889
26 0.640104 0.34213 0.028125 0.139815
26 0.89974 0.535648 0.0307292 0.0712963
0 0.451562 0.843982 0.0385417 0.136111
1 0.990885 0.333796 0.0182292 0.075
26 0.421354 0.674074 0.0270833 0.0740741
0 0.983854 0.295833 0.0322917 0.136111
26 0.528906 0.889352 0.0255208 0.0916667
26 0.464844 0.387037 0.0213542 0.0962963
0 0.529167 0.902778 0.0302083 0.118519
0 0.5875 0.35787 0.01875 0.119444
0 0.276042 0.459259 0.0291667 0.107407
26 0.583333 0.630093 0.025 0.113889
25 0.94401 0.50463 0.0463542 0.0518519
0 0.640104 0.343056 0.028125 0.141667
0 0.872396 0.494444 0.0333333 0.135185
0 0.735677 0.405093 0.0317708 0.136111
0 0.583073 0.629167 0.0255208 0.119444
26 0.0976562 0.646759 0.0244792 0.0527778
0 0.557552 0.598611 0.0255208 0.130556
26 0.21875 0.588889 0.015625 0.0444444
0 0.383594 0.848148 0.0265625 0.114815
0 0.464583 0.386574 0.021875 0.0990741
0 0.714583 0.385648 0.0322917 0.162037
26 0.667188 0.835185 0.0208333 0.112963
0 0.597917 0.947685 0.028125 0.0916667
0 0.523177 0.296759 0.0307292 0.14537
0 0.947917 0.41713 0.034375 0.130556
0 0.835938 0.485648 0.0302083 0.137963
0 0.579687 0.868056 0.03125 0.128704
0 0.691406 0.392593 0.0296875 0.161111
0 0.900521 0.555556 0.0291667 0.12037
0 0.517187 0.419907 0.03125 0.115741
0 0.608594 0.658333 0.0276042 0.140741
24 0.523698 0.269907 0.0276042 0.0638889
0 0.857813 0.413889 0.0239583 0.125926
26 0.524219 0.268981 0.0276042 0.0657407
0 0.566406 0.361574 0.0296875 0.134259
0 0.765365 0.468056 0.0307292 0.156481
24 0.900521 0.665741 0.0260417 0.0703704
0 0.696354 0.713889 0.0458333 0.103704
0 0.813281 0.446296 0.0276042 0.15
0 0.427865 0.764815 0.0348958 0.164815
26 0.277083 0.455556 0.0260417 0.0740741
0 0.666406 0.83287 0.0213542 0.119444
26 0.900521 0.68287 0.025 0.0935185
0 0.566406 0.943981 0.0328125 0.108333
0 0.965104 0.665278 0.0322917 0.150926
0 0.111198 0.513426 0.0338542 0.0805556
0 0.834375 0.268519 0.034375 0.146296
26 0.596875 0.952778 0.0260417 0.0740741
0 0.724479 0.652778 0.0333333 0.138889
0 0.686458 0.839815 0.0239583 0.12963
1 0.98724 0.3875 0.0255208 0.123148
0 0.901823 0.689352 0.0286458 0.134259
0 0.626042 0.884259 0.0302083 0.15
0 0.0434896 0.471759 0.0213542 0.0935185
0 0.302083 0.463889 0.0364583 0.159259
0 0.741667 0.928704 0.0333333 0.137037
0 0.364323 0.488889 0.0328125 0.144444
0 0.346615 0.873148 0.0328125 0.15
0 0.0661458 0.469444 0.028125 0.12037
0 0.0861979 0.648611 0.0401042 0.130556
0 0.040625 0.582407 0.0375 0.148148
0 0.234635 0.625463 0.0411458 0.171296
